tests/data/jplg3190.15i
     1.0            IONOSPHERE MAPS     GPS                 IONEX VERSION / TYPE
GIM V3.0            JPL - GNISD         18-nov-2015 02:09   PGM / RUN BY / DATE 
JPL'S GLOBAL IONOSPHERE MAPS YEAR 2015 DAY 319              COMMENT             
Global Ionospheric Maps (GIM) are generated on an hourly    DESCRIPTION         
and daily basis at JPL using data from up to 100 GPS sites  DESCRIPTION         
of the IGS and others institutions.                         DESCRIPTION         
The vertical TEC is modeled in a solar-geomagnetic          DESCRIPTION         
reference frame using bi-cubic splines on a spherical grid. DESCRIPTION         
A Kalman filter is used to solve simultaneously for         DESCRIPTION         
instrumental biases and VTEC on the grid (as stochastic     DESCRIPTION         
parameters).                                                DESCRIPTION         
Contact Address:  gpsiono@cobra.jpl.nasa.gov .              DESCRIPTION         
  2015    11    15     0     0     0                        EPOCH OF FIRST MAP  
  2015    11    16     0     0     0                        EPOCH OF LAST MAP   
  7200                                                      INTERVAL            
    13                                                      # OF MAPS IN FILE   
  NONE                                                      MAPPING FUNCTION    
    10.0                                                    ELEVATION CUTOFF    
One-way carrier phase leveled to code                       OBSERVABLES USED    
   170                                                      # OF STATIONS       
    31                                                      # OF SATELLITES     
  6371.0                                                    BASE RADIUS         
     2                                                      MAP DIMENSION       
   450.0 450.0   0.0                                        HGT1 / HGT2 / DHGT  
    87.5 -87.5  -2.5                                        LAT1 / LAT2 / DLAT  
  -180.0 180.0   5.0                                        LON1 / LON2 / DLON  
    -1                                                      EXPONENT            
TEC/RMS values in 0.1 TECU; 9999, if no value available     COMMENT             
                                                            END OF HEADER       
[from data line 3432]
     9                                                      START OF TEC MAP    
  2015    11    15    16     0     0                        EPOCH OF CURRENT MAP
    87.5-180.0 180.0   5.0 450.0                            LAT/LON1/LON2/DLON/H
   70   70   70   70   70   70   70   70   70   70   70   70   70   70   70   70
   69   69   69   69   69   69   68   68   68   67   67   67   66   66   66   66
   65   65   65   65   65   65   65   65   65   65   65   65   66   66   66   67
   67   67   68   68   68   69   69   69   70   70   70   70   70   70   70   70
   70   70   70   70   70   70   70   70   70
    85.0-180.0 180.0   5.0 450.0                            LAT/LON1/LON2/DLON/H
   71   71   71   71   71   71   71   72   72   72   72   72   73   73   73   73
   73   73   73   72   72   72   71   70   70   69   68   67   66   65   64   63
   63   62   61   61   60   60   60   60   60   61   61   62   63   63   64   65
   66   67   68   69   70   71   71   72   73   73   73   73   73   73   73   73
   73   72   72   72   72   71   71   71   71
    82.5-180.0 180.0   5.0 450.0                            LAT/LON1/LON2/DLON/H
   72   72   72   72   73   73   73   74   74   75   76   76   77   78   78   78
   79   79   79   78   78   77   76   75   74   73   71   69   67   66   64   62
   61   59   58   57   56   56   56   56   56   56   57   58   59   61   62   64
   65   67   69   70   72   73   74   75   76   76   76   76   76   76   75   75
   74   73   73   72   72   72   72   72   72
    80.0-180.0 180.0   5.0 450.0                            LAT/LON1/LON2/DLON/H
   71   72   72   73   74   74   75   76   77   78   79   80   82   83   84   85
   86   87   87   87   86   86   84   83   81   79   76   73   71   68   65   63
   60   58   56   55   53   52   52   52   52   52   53   54   56   58   60   62
   64   66   69   71   73   74   76   77   78   78   78   78   77   77   76   75
   74   73   72   71   71   71   71   71   71
    77.5-180.0 180.0   5.0 450.0                            LAT/LON1/LON2/DLON/H
   70   71   72   73   74   75   76   77   79   80   82   84   86   88   91   93
   95   96   97   97   97   96   95   93   90   87   84   80   77   73   70   67
   63   60   58   55   53   51   50   49   49   49   50   51   53   55   57   59
   62   65   67   70   72   74   76   77   78   78   78   77   76   75   73   72
   71   70   69   68   68   68   69   69   70
    75.0-180.0 180.0   5.0 450.0                            LAT/LON1/LON2/DLON/H
   66   68   69   71   72   73   75   76   79   81   84   87   90   93   97  100
  104  106  108  110  110  109  108  105  102   98   94   90   86   82   78   74
   70   67   63   60   57   54   51   50   49   48   48   49   50   52   54   56
   59   62   64   67   70   72   74   75   76   76   75   74   72   70   69   67
   65   64   63   62   62   63   64   65   66
    72.5-180.0 180.0   5.0 450.0                            LAT/LON1/LON2/DLON/H
   61   63   64   66   68   70   72   74   76   80   83   87   92   97  102  107
  112  116  120  122  124  124  122  119  115  110  106  101   97   93   89   85
   81   78   74   69   65   61   57   54   51   49   48   48   49   50   51   53
   55   58   61   63   66   68   70   71   72   72   71   69   67   65   62   60
   58   56   55   55   55   56   57   59   61
    70.0-180.0 180.0   5.0 450.0                            LAT/LON1/LON2/DLON/H
   53   55   57   59   61   63   66   69   72   76   81   86   92   98  105  112
  119  125  131  135  138  139  137  134  129  124  118  114  110  106  103  100
   96   92   87   81   76   70   65   60   56   53   51   49   48   48   49   50
   52   53   56   58   61   63   65   67   67   67   65   64   61   59   56   53
   51   49   47   47   47   48   49   51   53
    67.5-180.0 180.0   5.0 450.0                            LAT/LON1/LON2/DLON/H
   45   47   48   50   52   55   58   62   67   72   78   84   91   98  106  114
  123  132  140  147  152  154  152  149  144  138  132  127  124  122  120  117
  113  108  102   95   88   81   74   69   63   59   55   52   50   48   48   48
   48   49   51   53   55   58   60   61   62   61   60   59   56   54   51   48
   45   43   41   41   41   41   42   44   45
    65.0-180.0 180.0   5.0 450.0                            LAT/LON1/LON2/DLON/H
   40   40   41   42   43   46   50   55   60   67   74   81   89   98  106  116
  126  137  149  158  165  168  167  163  158  152  145  141  139  138  137  135
  131  125  117  108   98   90   83   77   71   66   61   56   52   50   47   46
   45   45   46   47   49   52   54   55   56   57   56   55   53   51   48   46
   43   41   39   38   38   38   38   39   40
    62.5-180.0 180.0   5.0 450.0                            LAT/LON1/LON2/DLON/H
   37   36   36   36   36   39   42   48   55   63   71   81   89   98  108  118
  130  143  156  168  177  181  180  177  172  165  159  155  154  154  155  154
  149  142  131  119  107   97   90   84   79   73   67   62   57   52   49   46
   44   42   42   43   44   47   49   51   52   53   53   53   52   50   49   46
   44   43   41   40   40   39   39   38   37
    60.0-180.0 180.0   5.0 450.0                            LAT/LON1/LON2/DLON/H
   41   38   36   34   34   35   38   44   51   61   72   83   93  102  112  123
  135  150  164  178  187  192  193  190  184  178  172  168  168  170  172  171
  167  157  144  129  115  103   95   90   85   80   74   68   62   56   51   47
   44   42   41   41   42   44   46   48   50   52   53   53   53   52   51   50
   49   48   47   46   46   45   44   43   41
    57.5-180.0 180.0   5.0 450.0                            LAT/LON1/LON2/DLON/H
   49   46   42   39   37   37   39   44   53   64   76   89  100  110  121  131
  144  158  173  187  197  202  203  200  195  189  183  181  182  186  188  188
  183  172  156  139  122  109  101   95   90   86   80   74   67   61   56   51
   48   45   44   43   44   46   47   49   51   53   55   56   57   57   57   56
   55   55   55   54   54   54   53   52   49
    55.0-180.0 180.0   5.0 450.0                            LAT/LON1/LON2/DLON/H
   60   57   53   50   47   45   46   51   59   71   84   98  110  122  132  143
  154  168  182  195  205  211  212  209  204  198  194  193  195  200  204  203
  197  185  168  149  131  117  107  101   95   90   85   79   73   67   62   58
   55   53   52   52   52   53   54   55   57   59   61   63   64   64   64   64
   63   63   63   64   64   64   64   63   60
    52.5-180.0 180.0   5.0 450.0                            LAT/LON1/LON2/DLON/H
   71   69   66   63   60   59   59   63   71   82   95  110  123  135  146  156
  167  178  191  203  213  218  219  217  212  207  203  203  207  212  216  214
  207  195  178  159  141  127  116  108  101   95   90   85   79   74   70   67
   67   67   68   68   67   67   66   66   66   68   70   71   72   73   73   72
   72   72   72   72   73   73   73   73   71
    50.0-180.0 180.0   5.0 450.0                            LAT/LON1/LON2/DLON/H
   80   79   78   76   74   73   75   78   86   96  109  123  136  149  160  169
  179  189  201  212  220  225  225  223  219  214  211  212  216  221  224  221
  213  201  185  168  152  139  127  117  108  101   95   91   86   82   79   80
   83   86   88   88   86   83   81   78   77   77   79   80   81   81   81   81
   80   79   79   79   79   79   80   80   80
    47.5-180.0 180.0   5.0 450.0                            LAT/LON1/LON2/DLON/H
   84   84   85   84   84   85   88   93  101  111  123  136  149  161  172  182
  191  200  210  220  227  231  232  230  226  222  219  219  223  226  226  221
  212  202  190  177  164  152  139  127  115  106  101   97   94   91   90   93
   99  105  108  107  104   99   94   90   87   86   87   88   88   89   88   88
   87   85   84   84   83   83   83   83   84
    45.0-180.0 180.0   5.0 450.0                            LAT/LON1/LON2/DLON/H
   83   84   85   86   87   90   96  103  113  124  136  148  160  172  183  193
  202  211  221  229  236  239  240  238  235  230  227  226  227  227  224  217
  209  202  194  185  175  164  151  137  123  113  107  104  101   99  100  105
  113  121  124  122  117  111  104   98   93   91   91   91   92   93   93   92
   91   89   88   86   85   84   83   82   83
    42.5-180.0 180.0   5.0 450.0                            LAT/LON1/LON2/DLON/H
   79   80   80   80   82   87   95  107  120  134  147  159  171  182  193  202
  212  222  232  240  246  249  250  249  246  240  235  232  231  228  222  214
  209  205  202  196  187  176  162  146  131  120  114  110  108  106  108  114
  123  130  132  128  121  114  107  101   95   91   90   90   92   93   94   94
   92   91   89   87   85   83   81   79   79
    40.0-180.0 180.0   5.0 450.0                            LAT/LON1/LON2/DLON/H
   74   73   72   70   71   77   87  103  122  141  157  170  181  192  203  212
  222  233  244  252  257  260  261  261  258  252  246  240  236  232  225  219
  217  219  218  212  201  188  173  156  140  128  121  117  114  112  113  118
  126  131  130  124  116  110  105   99   94   89   87   87   89   91   92   93
   92   90   88   86   84   81   78   75   74
    37.5-180.0 180.0   5.0 450.0                            LAT/LON1/LON2/DLON/H
   68   65   62   59   59   64   76   95  120  144  164  179  191  203  214  223
  233  244  256  265  270  271  272  272  270  265  258  252  246  242  238  237
  241  247  247  236  220  203  185  167  150  137  129  123  118  115  116  120
  125  128  126  118  110  104  100   97   91   87   84   84   85   88   90   91
   90   88   86   84   82   79   75   71   68
    35.0-180.0 180.0   5.0 450.0                            LAT/LON1/LON2/DLON/H
   63   58   54   49   47   50   63   85  116  147  171  188  202  215  227  235
  244  256  269  278  282  283  283  283  281  278  273  267  263  262  265  272
  284  294  291  272  247  224  202  181  163  148  138  129  121  117  118  123
  128  130  126  118  108  101   98   95   91   87   85   84   85   87   90   91
   89   87   85   83   81   77   72   67   63
    32.5-180.0 180.0   5.0 450.0                            LAT/LON1/LON2/DLON/H
   58   53   47   42   38   40   52   77  112  148  177  197  213  229  241  249
  257  268  281  292  295  294  292  291  291  291  291  288  287  293  305  323
  343  356  349  321  285  253  226  201  179  162  149  136  126  121  124  132
  140  143  140  131  117  107  101   98   95   93   92   90   88   90   92   92
   90   87   85   84   82   77   71   64   58
    30.0-180.0 180.0   5.0 450.0                            LAT/LON1/LON2/DLON/H
   55   49   43   38   34   35   46   73  110  150  182  205  224  242  256  264
  270  280  294  304  306  303  299  297  299  305  311  315  319  332  356  386
  415  432  420  382  335  294  259  228  201  180  163  147  135  130  137  151
  166  175  175  163  144  125  113  106  104  105  104  101   97   96   98   97
   93   89   88   87   84   78   70   63   55
    27.5-180.0 180.0   5.0 450.0                            LAT/LON1/LON2/DLON/H
   53   47   42   37   33   34   45   72  111  152  186  212  235  256  272  279
  284  293  306  316  316  311  306  304  309  321  336  347  359  380  415  457
  498  519  503  455  397  344  299  259  227  202  182  164  149  146  158  182
  208  224  227  212  184  155  134  122  119  121  122  115  108  105  105  103
   98   94   92   92   88   81   71   62   53
    25.0-180.0 180.0   5.0 450.0                            LAT/LON1/LON2/DLON/H
   53   46   42   39   35   36   47   74  113  155  190  218  244  267  286  294
  299  307  318  326  324  318  312  313  322  342  366  386  406  436  480  535
  588  613  591  532  461  397  341  293  256  229  207  187  172  170  187  220
  255  279  284  267  231  192  163  145  139  141  141  131  120  114  112  109
  103   99   98   97   93   84   73   62   53
    22.5-180.0 180.0   5.0 450.0                            LAT/LON1/LON2/DLON/H
   53   47   44   42   40   41   52   80  118  159  194  225  252  278  298  309
  315  322  330  333  329  323  321  326  343  371  403  431  460  497  550  614
  675  702  672  601  520  444  379  325  285  258  237  216  200  198  217  256
  299  327  335  317  278  235  200  176  166  164  160  146  131  122  118  114
  108  103  102  101   96   86   74   63   53
    20.0-180.0 180.0   5.0 450.0                            LAT/LON1/LON2/DLON/H
   54   49   46   46   45   48   61   88  126  166  201  233  262  289  311  324
  333  339  341  337  330  327  332  346  371  407  447  482  518  560  615  683
  748  773  735  652  561  478  407  352  314  291  270  249  231  227  244  284
  327  356  366  351  318  279  244  215  198  189  178  160  141  128  120  115
  110  106  104  102   97   87   75   63   54
    17.5-180.0 180.0   5.0 450.0                            LAT/LON1/LON2/DLON/H
   54   50   49   50   51   57   71  100  138  177  212  244  273  302  325  342
  353  357  351  340  331  332  345  370  406  448  492  533  572  615  669  733
  794  813  764  672  575  490  422  372  342  324  306  282  261  252  263  295
  330  356  368  364  346  320  290  259  233  213  193  171  149  132  121  115
  110  106  102   99   93   84   73   62   54
    15.0-180.0 180.0   5.0 450.0                            LAT/LON1/LON2/DLON/H
   53   50   50   53   57   65   83  114  153  193  227  259  289  318  343  362
  374  376  363  344  334  340  362  398  442  489  535  577  617  657  702  755
  804  809  750  655  563  487  430  391  370  359  342  315  287  270  271  288
  311  332  348  358  361  354  333  300  266  235  207  181  157  138  124  116
  112  106   99   93   86   78   69   60   53
    12.5-180.0 180.0   5.0 450.0                            LAT/LON1/LON2/DLON/H
   52   50   50   53   60   73   95  128  170  211  246  278  309  339  365  386
  397  395  376  352  341  352  382  426  476  525  570  610  644  676  708  743
  772  764  702  616  538  480  439  414  403  396  378  345  309  283  271  273
  282  296  316  340  364  377  367  335  294  253  217  190  167  147  130  121
  116  108   97   87   79   73   65   57   52
    10.0-180.0 180.0   5.0 450.0                            LAT/LON1/LON2/DLON/H
   51   49   49   52   61   79  105  142  186  228  265  298  331  363  391  413
  422  415  391  366  357  370  404  452  504  552  593  626  651  671  689  706
  717  699  643  573  518  481  459  447  442  436  414  373  329  294  271  258
  254  261  283  318  358  388  386  356  311  264  225  199  180  160  143  132
  125  114   98   84   76   70   63   56   51
     7.5-180.0 180.0   5.0 450.0                            LAT/LON1/LON2/DLON/H
   52   49   47   49   60   82  114  154  199  244  283  318  352  386  417  440
  446  435  410  387  380  395  430  476  526  570  605  629  644  653  659  662
  659  638  594  548  519  506  500  495  490  478  449  401  349  306  275  252
  238  240  262  299  347  385  390  363  318  269  231  210  196  179  162  150
  139  124  105   88   80   74   66   58   52
     5.0-180.0 180.0   5.0 450.0                            LAT/LON1/LON2/DLON/H
   57   52   48   47   58   85  121  162  208  255  296  334  370  407  441  465
  469  455  432  413  409  425  456  498  542  580  607  624  630  633  632  628
  620  604  580  561  556  559  560  554  543  521  483  428  371  325  289  262
  244  241  256  287  333  375  385  362  320  272  237  222  214  202  186  172
  158  139  117  101   93   86   76   65   57
     2.5-180.0 180.0   5.0 450.0                            LAT/LON1/LON2/DLON/H
   68   60   52   49   60   90  128  170  215  261  305  344  382  421  460  486
  490  477  457  443  442  456  484  519  555  585  605  616  619  619  619  618
  617  614  611  613  622  630  629  617  594  561  514  455  398  351  314  285
  266  259  264  283  323  362  374  357  320  276  246  236  233  225  211  195
  177  156  134  119  113  106   93   79   68
