tests/data/jplg3190.15i
     1.0            IONOSPHERE MAPS     GPS                 IONEX VERSION / TYPE
GIM V3.0            JPL - GNISD         18-nov-2015 02:09   PGM / RUN BY / DATE 
JPL'S GLOBAL IONOSPHERE MAPS YEAR 2015 DAY 319              COMMENT             
Global Ionospheric Maps (GIM) are generated on an hourly    DESCRIPTION         
and daily basis at JPL using data from up to 100 GPS sites  DESCRIPTION         
of the IGS and others institutions.                         DESCRIPTION         
The vertical TEC is modeled in a solar-geomagnetic          DESCRIPTION         
reference frame using bi-cubic splines on a spherical grid. DESCRIPTION         
A Kalman filter is used to solve simultaneously for         DESCRIPTION         
instrumental biases and VTEC on the grid (as stochastic     DESCRIPTION         
parameters).                                                DESCRIPTION         
Contact Address:  gpsiono@cobra.jpl.nasa.gov .              DESCRIPTION         
  2015    11    15     0     0     0                        EPOCH OF FIRST MAP  
  2015    11    16     0     0     0                        EPOCH OF LAST MAP   
  7200                                                      INTERVAL            
    13                                                      # OF MAPS IN FILE   
  NONE                                                      MAPPING FUNCTION    
    10.0                                                    ELEVATION CUTOFF    
One-way carrier phase leveled to code                       OBSERVABLES USED    
   170                                                      # OF STATIONS       
    31                                                      # OF SATELLITES     
  6371.0                                                    BASE RADIUS         
     2                                                      MAP DIMENSION       
   450.0 450.0   0.0                                        HGT1 / HGT2 / DHGT  
    87.5 -87.5  -2.5                                        LAT1 / LAT2 / DLAT  
  -180.0 180.0   5.0                                        LON1 / LON2 / DLON  
    -1                                                      EXPONENT            
TEC/RMS values in 0.1 TECU; 9999, if no value available     COMMENT             
                                                            END OF HEADER       
[from data line 1716]
     5                                                      START OF TEC MAP    
  2015    11    15     8     0     0                        EPOCH OF CURRENT MAP
    87.5-180.0 180.0   5.0 450.0                            LAT/LON1/LON2/DLON/H
   58   58   59   59   60   60   60   61   61   61   61   61   61   61   61   61
   61   61   61   61   61   61   61   61   61   61   61   61   61   61   61   61
   62   62   62   62   62   62   62   62   62   61   61   61   61   60   60   60
   59   59   58   58   57   57   56   56   56   55   55   55   54   54   54   54
   55   55   55   55   56   56   57   57   58
    85.0-180.0 180.0   5.0 450.0                            LAT/LON1/LON2/DLON/H
   59   60   61   62   62   63   64   64   64   65   65   65   65   64   64   64
   63   63   63   62   62   62   61   61   61   61   61   61   61   61   61   61
   62   62   62   63   63   63   64   64   65   65   65   65   65   65   64   64
   63   62   61   60   58   57   56   54   53   52   51   50   50   49   49   50
   50   51   52   53   54   55   56   57   59
    82.5-180.0 180.0   5.0 450.0                            LAT/LON1/LON2/DLON/H
   60   62   63   64   65   66   66   67   67   67   66   66   66   65   65   64
   64   63   63   62   61   61   60   60   59   59   59   59   58   58   58   59
   59   59   60   61   62   63   64   65   66   68   69   70   71   71   71   71
   70   69   68   66   64   62   59   57   54   52   50   48   47   47   46   47
   47   48   50   51   53   55   57   58   60
    80.0-180.0 180.0   5.0 450.0                            LAT/LON1/LON2/DLON/H
   61   63   64   65   66   67   67   67   67   67   66   66   65   64   64   63
   62   62   61   60   60   59   58   58   57   56   56   56   55   55   55   55
   56   57   57   59   60   62   64   66   68   70   73   75   77   79   81   81
   81   81   79   77   75   72   68   65   61   58   55   52   50   48   48   47
   48   48   50   51   53   55   57   60   61
    77.5-180.0 180.0   5.0 450.0                            LAT/LON1/LON2/DLON/H
   61   63   64   65   66   66   66   66   66   65   65   64   64   63   62   61
   61   60   59   59   58   57   57   56   55   54   54   53   53   52   53   53
   54   55   56   58   60   62   65   68   71   75   79   83   87   90   93   95
   97   97   97   95   92   89   85   81   76   72   68   64   60   57   55   53
   52   52   52   53   54   56   58   60   61
    75.0-180.0 180.0   5.0 450.0                            LAT/LON1/LON2/DLON/H
   60   61   62   63   64   64   65   64   64   64   63   62   62   61   60   60
   59   58   58   57   57   56   55   54   54   53   52   51   50   49   49   50
   52   53   56   58   61   64   68   72   76   82   87   93   99  105  110  114
  117  119  119  118  116  112  108  104   98   93   87   82   76   72   67   63
   60   58   56   55   55   56   57   59   60
    72.5-180.0 180.0   5.0 450.0                            LAT/LON1/LON2/DLON/H
   57   58   60   61   62   62   62   62   62   61   61   60   60   59   59   58
   58   57   57   56   55   55   54   53   53   52   51   49   48   47   46   47
   49   51   55   59   63   67   72   78   84   91   99  108  116  124  131  137
  141  144  145  144  142  139  134  129  123  117  110  103   96   89   82   75
   69   64   60   58   56   55   55   56   57
    70.0-180.0 180.0   5.0 450.0                            LAT/LON1/LON2/DLON/H
   53   55   56   57   59   59   60   60   59   59   59   58   58   58   57   57
   57   56   56   55   54   54   53   52   52   51   50   49   47   45   43   43
   45   49   54   60   66   71   78   85   93  103  114  126  137  147  156  163
  167  170  171  171  168  164  160  154  147  139  131  122  113  104   95   86
   78   70   64   59   56   53   52   52   53
    67.5-180.0 180.0   5.0 450.0                            LAT/LON1/LON2/DLON/H
   49   50   52   54   56   56   57   57   57   56   56   56   56   56   56   56
   56   56   55   54   53   52   52   51   51   50   50   49   47   44   42   41
   43   47   54   61   69   76   84   93  103  116  130  145  159  171  181  188
  192  195  195  194  191  186  180  174  166  157  147  137  126  115  104   94
   84   74   66   60   55   51   49   49   49
    65.0-180.0 180.0   5.0 450.0                            LAT/LON1/LON2/DLON/H
   46   47   49   51   53   54   54   54   54   53   54   54   54   55   55   55
   55   55   55   54   52   51   50   50   49   50   50   49   48   45   42   41
   42   48   56   65   74   83   92  101  114  129  146  164  180  194  204  211
  214  214  213  210  206  201  194  186  178  167  156  144  132  120  108   97
   86   77   68   60   54   49   46   45   46
    62.5-180.0 180.0   5.0 450.0                            LAT/LON1/LON2/DLON/H
   43   45   47   49   50   51   51   51   50   51   51   52   52   53   54   55
   55   55   54   53   51   50   49   48   48   49   50   50   48   45   43   42
   45   51   60   71   82   92  101  111  124  141  160  180  199  214  224  229
  229  228  225  220  215  209  202  194  184  173  161  147  134  121  108   97
   87   78   69   61   54   49   45   43   43
    60.0-180.0 180.0   5.0 450.0                            LAT/LON1/LON2/DLON/H
   43   44   46   47   49   49   48   48   48   48   49   50   51   52   53   54
   55   55   54   53   51   49   48   47   48   48   49   49   48   45   44   45
   49   57   68   81   93  103  113  123  136  153  173  195  215  230  239  242
  240  236  231  226  220  214  207  199  189  178  165  150  136  122  109   98
   88   79   71   63   56   50   46   43   43
    57.5-180.0 180.0   5.0 450.0                            LAT/LON1/LON2/DLON/H
   44   45   46   48   48   48   47   46   46   46   47   48   49   51   52   53
   54   55   54   53   52   50   48   47   48   48   49   49   47   45   45   48
   55   66   79   93  106  117  127  137  149  165  185  207  227  242  250  251
  247  241  235  229  223  217  211  204  195  185  172  158  142  127  114  102
   92   83   74   66   59   53   49   46   44
    55.0-180.0 180.0   5.0 450.0                            LAT/LON1/LON2/DLON/H
   48   48   49   50   50   49   47   46   46   46   47   48   49   50   51   53
   54   55   55   55   54   52   50   49   48   49   50   48   46   44   45   51
   62   76   91  106  120  132  143  153  165  179  197  217  237  251  258  257
  251  244  237  231  226  222  217  212  205  197  186  172  157  140  125  111
   99   88   79   72   65   59   54   50   48
    52.5-180.0 180.0   5.0 450.0                            LAT/LON1/LON2/DLON/H
   55   53   53   53   53   51   50   48   48   49   50   50   51   52   52   53
   55   56   57   58   58   56   54   52   51   51   51   49   46   44   47   56
   71   88  105  120  135  148  160  171  182  194  210  227  245  257  262  260
  254  246  239  234  230  228  225  223  220  215  206  194  178  160  142  125
  109   96   87   79   73   67   62   58   55
    50.0-180.0 180.0   5.0 450.0                            LAT/LON1/LON2/DLON/H
   64   61   60   59   58   56   54   53   53   54   55   56   56   56   55   56
   57   59   61   63   64   62   60   57   56   55   55   52   48   46   50   62
   80  101  119  135  149  163  176  189  200  211  223  237  251  261  264  262
  255  248  242  238  235  234  235  235  235  232  226  215  200  181  160  139
  120  105   94   88   83   79   74   69   64
    47.5-180.0 180.0   5.0 450.0                            LAT/LON1/LON2/DLON/H
   76   71   69   67   65   62   59   58   59   61   63   64   64   63   61   61
   62   65   68   70   71   71   68   65   63   62   61   58   54   52   57   72
   92  114  133  149  163  178  193  207  219  229  238  248  257  263  264  261
  256  250  244  240  239  240  243  245  247  246  241  232  216  197  174  150
  128  111  101   96   93   90   86   82   76
    45.0-180.0 180.0   5.0 450.0                            LAT/LON1/LON2/DLON/H
   88   82   78   76   74   70   66   65   66   69   73   75   75   73   70   69
   70   73   77   80   82   81   79   76   74   73   71   68   65   63   69   84
  106  129  148  163  177  192  209  226  238  247  253  259  264  266  264  260
  255  250  245  241  240  243  248  252  253  251  246  237  222  202  179  154
  131  114  105  101  100   99   97   93   88
    42.5-180.0 180.0   5.0 450.0                            LAT/LON1/LON2/DLON/H
   96   91   87   85   83   78   73   71   73   77   82   86   88   85   82   80
   81   84   88   92   94   94   93   90   88   87   85   82   79   78   83   98
  120  144  163  178  192  208  226  244  257  266  270  272  272  270  265  259
  253  249  243  239  239  243  250  254  252  246  239  228  213  194  171  148
  127  112  104  102  102  103  103  101   96
    40.0-180.0 180.0   5.0 450.0                            LAT/LON1/LON2/DLON/H
   98   94   92   92   90   84   78   75   77   83   91   98  101   98   94   92
   93   96  101  104  107  108  108  106  105  103  100   97   94   93   97  111
  133  157  176  192  207  223  243  261  276  284  287  286  283  277  268  260
  253  247  241  236  237  244  254  257  251  240  228  215  199  180  159  138
  120  107   99   96   96   98  101  101   98
    37.5-180.0 180.0   5.0 450.0                            LAT/LON1/LON2/DLON/H
   91   90   91   92   92   87   80   77   79   86   97  107  113  111  107  103
  104  108  112  116  120  122  123  122  120  118  114  111  107  106  110  122
  143  166  187  205  221  240  260  279  294  302  304  302  298  289  277  266
  257  251  245  240  242  253  265  269  259  243  225  209  191  171  151  132
  116  105   96   90   87   87   89   91   91
    35.0-180.0 180.0   5.0 450.0                            LAT/LON1/LON2/DLON/H
   77   78   81   85   87   84   78   75   78   87  101  115  123  123  118  114
  114  117  121  126  130  134  136  136  133  129  125  120  116  114  118  129
  149  173  196  217  236  256  277  296  311  318  320  320  317  307  294  281
  273  267  261  258  262  276  292  297  285  264  241  220  200  178  157  138
  124  112  101   89   80   76   75   76   77
    32.5-180.0 180.0   5.0 450.0                            LAT/LON1/LON2/DLON/H
   63   64   67   71   75   74   71   69   74   85  102  120  131  132  128  123
  121  123  126  131  137  142  145  145  142  136  129  123  119  117  121  132
  153  178  204  227  250  272  294  314  328  334  336  338  338  332  320  309
  304  301  299  297  303  321  340  347  336  312  286  261  236  210  186  165
  150  136  121  102   85   73   66   63   63
    30.0-180.0 180.0   5.0 450.0                            LAT/LON1/LON2/DLON/H
   55   55   55   57   59   59   59   60   67   80  100  121  135  138  134  128
  125  125  127  132  139  146  150  150  145  137  128  122  118  117  121  134
  156  184  212  238  264  288  311  331  345  350  352  358  364  363  358  354
  357  361  363  363  370  389  410  419  408  384  356  327  297  266  238  215
  197  182  162  136  108   85   69   59   55
    27.5-180.0 180.0   5.0 450.0                            LAT/LON1/LON2/DLON/H
   63   58   54   50   48   47   48   51   59   74   95  118  133  138  135  130
  126  124  125  130  138  147  152  150  144  134  124  118  114  115  121  136
  161  191  221  250  277  303  327  348  361  366  370  380  392  401  407  417
  431  443  448  448  452  469  489  497  488  465  436  404  370  335  304  279
  259  242  220  189  153  118   91   72   63
    25.0-180.0 180.0   5.0 450.0                            LAT/LON1/LON2/DLON/H
   91   82   70   58   49   44   42   45   53   67   87  109  125  131  131  128
  124  122  122  126  135  145  150  147  140  130  120  114  112  114  122  140
  169  202  233  263  290  317  342  364  378  384  390  405  424  444  465  490
  515  533  539  536  536  547  563  569  561  540  512  478  442  405  372  346
  325  307  284  251  209  167  130  104   91
    22.5-180.0 180.0   5.0 450.0                            LAT/LON1/LON2/DLON/H
  133  125  109   88   68   55   48   48   53   64   80   98  112  119  122  122
  120  118  117  120  130  140  145  142  134  125  117  112  112  115  126  148
  181  216  247  276  303  329  355  379  394  403  413  432  458  487  521  560
  593  614  619  613  607  611  619  621  612  593  567  536  500  463  431  406
  386  368  344  310  266  219  176  146  133
    20.0-180.0 180.0   5.0 450.0                            LAT/LON1/LON2/DLON/H
  181  176  160  134  107   84   70   63   63   68   78   89  100  106  111  113
  114  114  113  114  123  134  138  135  128  122  117  115  115  120  132  158
  194  231  262  288  314  340  367  391  410  422  437  460  490  525  569  615
  652  671  673  662  651  648  647  642  632  615  594  567  534  500  473  452
  433  413  389  355  312  264  219  190  181
    17.5-180.0 180.0   5.0 450.0                            LAT/LON1/LON2/DLON/H
  223  224  212  185  154  125  105   92   85   82   82   86   91   96  101  106
  110  111  109  109  117  127  130  126  121  120  120  120  121  127  141  170
  209  247  276  300  323  348  375  401  422  440  460  487  518  555  601  646
  678  691  688  678  667  658  650  640  629  615  599  578  551  522  499  482
  464  440  411  377  337  292  251  226  223
    15.0-180.0 180.0   5.0 450.0                            LAT/LON1/LON2/DLON/H
  248  258  253  231  199  168  144  128  116  105   97   93   91   92   96  101
  107  110  108  106  112  120  123  119  116  119  124  126  129  135  152  183
  224  262  288  309  330  354  380  407  432  455  480  510  541  575  614  650
  671  678  675  668  662  653  640  627  615  604  594  580  559  536  518  504
  483  451  416  379  340  299  262  244  248
    12.5-180.0 180.0   5.0 450.0                            LAT/LON1/LON2/DLON/H
  252  268  272  259  232  201  178  163  149  133  118  108  102   98   98  102
  108  112  109  106  109  115  116  112  112  119  128  133  137  145  163  196
  238  274  298  316  333  355  381  408  436  465  496  528  557  585  613  636
  648  649  646  646  646  640  628  615  602  594  589  582  569  551  536  522
  496  455  410  370  332  293  260  244  252
    10.0-180.0 180.0   5.0 450.0                            LAT/LON1/LON2/DLON/H
  241  257  268  263  242  217  199  188  176  158  141  127  117  110  106  108
  113  117  114  110  110  112  112  109  110  120  132  140  145  154  174  209
  251  284  304  319  333  352  376  404  435  469  505  540  568  590  608  619
  621  618  617  623  630  631  625  615  604  596  595  594  587  575  561  542
  507  456  402  359  320  282  250  234  241
     7.5-180.0 180.0   5.0 450.0                            LAT/LON1/LON2/DLON/H
  223  237  250  250  234  212  201  197  190  175  158  145  134  124  118  117
  121  124  122  117  114  113  111  108  111  122  135  144  151  161  183  220
  260  289  307  318  329  344  366  394  428  468  510  548  576  594  604  608
  605  602  602  611  622  630  634  631  621  613  613  616  616  608  593  566
  522  460  400  354  315  275  240  221  223
     5.0-180.0 180.0   5.0 450.0                            LAT/LON1/LON2/DLON/H
  208  215  227  230  215  196  188  189  188  178  166  155  146  137  129  127
  130  133  132  127  121  116  112  109  113  124  136  146  154  166  190  226
  263  290  305  313  319  331  352  381  419  463  510  552  582  600  609  612
  611  608  606  611  622  637  651  655  647  638  638  643  648  644  626  590
  536  469  406  361  322  279  239  214  208
     2.5-180.0 180.0   5.0 450.0                            LAT/LON1/LON2/DLON/H
  204  203  210  211  196  178  171  175  176  170  162  156  150  143  137  134
  137  141  142  138  130  122  116  113  115  124  135  145  154  168  192  227
  260  284  298  304  308  317  336  366  407  456  507  553  587  609  622  631
  634  629  622  621  628  645  668  679  673  664  663  670  678  676  654  610
  549  478  417  376  338  292  248  218  204
