tests/data/jplg3190.15i
     1.0            IONOSPHERE MAPS     GPS                 IONEX VERSION / TYPE
GIM V3.0            JPL - GNISD         18-nov-2015 02:09   PGM / RUN BY / DATE 
JPL'S GLOBAL IONOSPHERE MAPS YEAR 2015 DAY 319              COMMENT             
Global Ionospheric Maps (GIM) are generated on an hourly    DESCRIPTION         
and daily basis at JPL using data from up to 100 GPS sites  DESCRIPTION         
of the IGS and others institutions.                         DESCRIPTION         
The vertical TEC is modeled in a solar-geomagnetic          DESCRIPTION         
reference frame using bi-cubic splines on a spherical grid. DESCRIPTION         
A Kalman filter is used to solve simultaneously for         DESCRIPTION         
instrumental biases and VTEC on the grid (as stochastic     DESCRIPTION         
parameters).                                                DESCRIPTION         
Contact Address:  gpsiono@cobra.jpl.nasa.gov .              DESCRIPTION         
  2015    11    15     0     0     0                        EPOCH OF FIRST MAP  
  2015    11    16     0     0     0                        EPOCH OF LAST MAP   
  7200                                                      INTERVAL            
    13                                                      # OF MAPS IN FILE   
  NONE                                                      MAPPING FUNCTION    
    10.0                                                    ELEVATION CUTOFF    
One-way carrier phase leveled to code                       OBSERVABLES USED    
   170                                                      # OF STATIONS       
    31                                                      # OF SATELLITES     
  6371.0                                                    BASE RADIUS         
     2                                                      MAP DIMENSION       
   450.0 450.0   0.0                                        HGT1 / HGT2 / DHGT  
    87.5 -87.5  -2.5                                        LAT1 / LAT2 / DLAT  
  -180.0 180.0   5.0                                        LON1 / LON2 / DLON  
    -1                                                      EXPONENT            
TEC/RMS values in 0.1 TECU; 9999, if no value available     COMMENT             
                                                            END OF HEADER       
[from data line 2574]
     7                                                      START OF TEC MAP    
  2015    11    15    12     0     0                        EPOCH OF CURRENT MAP
    87.5-180.0 180.0   5.0 450.0                            LAT/LON1/LON2/DLON/H
   51   51   51   51   51   51   52   52   52   52   52   52   53   53   53   53
   53   53   54   54   54   54   54   54   54   54   53   53   53   53   53   52
   52   52   52   51   51   51   51   50   50   50   50   50   50   50   50   50
   50   50   50   50   50   50   50   50   50   50   51   51   51   51   51   51
   51   51   51   51   51   51   51   51   51
    85.0-180.0 180.0   5.0 450.0                            LAT/LON1/LON2/DLON/H
   52   52   52   52   52   53   53   53   54   54   55   55   55   56   56   57
   57   57   58   58   58   59   59   59   59   59   58   58   58   58   57   57
   56   56   55   54   54   53   53   52   51   51   50   50   50   49   49   49
   49   49   50   50   50   51   51   51   52   52   52   52   53   53   52   52
   52   52   52   52   52   52   52   52   52
    82.5-180.0 180.0   5.0 450.0                            LAT/LON1/LON2/DLON/H
   53   53   54   54   55   55   56   56   57   58   58   59   59   60   61   61
   62   62   63   63   64   64   65   65   65   65   65   65   65   65   65   65
   64   63   63   62   61   60   59   58   57   55   54   53   52   51   51   50
   50   50   51   51   52   53   53   54   54   55   55   55   55   55   54   54
   54   53   53   53   53   53   53   53   53
    80.0-180.0 180.0   5.0 450.0                            LAT/LON1/LON2/DLON/H
   55   55   56   57   58   59   60   60   61   62   62   63   63   64   65   65
   66   67   68   68   69   70   71   72   72   73   74   74   75   75   75   75
   75   75   74   74   73   72   70   69   67   65   63   61   58   56   55   53
   52   52   53   53   54   55   56   57   58   58   58   58   57   56   56   55
   54   54   53   53   53   53   53   54   55
    77.5-180.0 180.0   5.0 450.0                            LAT/LON1/LON2/DLON/H
   56   58   59   61   62   63   64   65   65   65   66   66   67   67   68   68
   69   70   71   72   73   75   76   78   79   80   82   83   84   85   86   87
   88   89   89   89   89   88   86   84   82   79   76   72   69   65   61   59
   57   55   55   56   57   58   59   60   61   61   60   59   58   56   55   54
   53   52   52   52   52   53   54   55   56
    75.0-180.0 180.0   5.0 450.0                            LAT/LON1/LON2/DLON/H
   57   59   61   63   65   66   67   68   68   68   69   69   69   69   70   70
   71   72   73   74   76   78   80   82   84   86   88   90   92   94   96   99
  102  105  107  108  108  107  106  104  101   97   93   88   83   77   72   66
   62   60   59   59   60   61   63   64   63   62   61   59   56   54   52   51
   50   49   49   50   50   51   53   55   57
    72.5-180.0 180.0   5.0 450.0                            LAT/LON1/LON2/DLON/H
   55   59   62   64   67   69   70   70   71   71   71   71   71   71   71   71
   71   72   73   75   77   79   82   85   88   90   93   95   97  100  103  108
  113  119  123  127  128  128  127  124  121  117  112  107  100   93   85   77
   70   65   63   62   63   64   65   66   65   63   61   57   54   51   48   47
   46   45   45   46   47   48   50   53   55
    70.0-180.0 180.0   5.0 450.0                            LAT/LON1/LON2/DLON/H
   52   56   60   64   67   69   71   71   72   72   72   72   72   72   72   71
   71   72   73   74   77   80   83   86   89   92   95   98  100  103  107  114
  121  130  137  143  147  147  146  143  140  136  132  127  120  111  101   90
   80   72   67   65   65   66   67   67   66   63   59   55   51   48   45   43
   42   41   41   42   43   44   46   49   52
    67.5-180.0 180.0   5.0 450.0                            LAT/LON1/LON2/DLON/H
   49   53   58   62   66   68   70   71   71   72   72   72   72   72   72   71
   71   71   71   73   75   78   82   85   89   92   95   98  101  105  110  118
  128  139  149  158  163  164  162  159  155  152  149  145  139  130  118  104
   91   80   73   68   67   67   67   66   64   61   57   53   49   46   43   41
   40   39   38   38   39   40   42   45   49
    65.0-180.0 180.0   5.0 450.0                            LAT/LON1/LON2/DLON/H
   45   50   55   60   64   66   68   68   69   69   70   71   71   71   70   70
   69   69   69   71   73   76   79   82   86   90   93   97  101  106  113  122
  135  148  161  170  176  177  174  170  167  165  163  161  157  148  135  119
  104   89   79   72   68   66   65   64   61   58   54   51   48   46   44   42
   40   39   37   37   37   37   39   42   45
    62.5-180.0 180.0   5.0 450.0                            LAT/LON1/LON2/DLON/H
   44   48   53   58   62   64   64   64   65   65   66   67   68   68   68   67
   66   66   67   68   70   73   76   79   83   87   91   96  101  108  118  130
  145  161  175  184  188  188  185  180  176  175  175  175  172  164  150  133
  116   99   86   77   70   66   63   60   58   55   52   50   49   49   48   46
   44   41   39   37   37   37   38   40   44
    60.0-180.0 180.0   5.0 450.0                            LAT/LON1/LON2/DLON/H
   44   49   53   58   61   62   61   60   60   59   60   61   62   63   64   64
   63   62   63   65   67   70   73   77   81   85   91   97  104  114  127  144
  162  179  192  200  202  200  194  189  185  184  186  187  185  177  163  146
  128  110   95   83   74   68   63   60   56   54   52   52   53   54   54   52
   49   46   43   40   39   39   39   41   44
    57.5-180.0 180.0   5.0 450.0                            LAT/LON1/LON2/DLON/H
   48   52   56   60   62   61   60   57   55   54   54   54   56   57   58   59
   58   58   59   61   64   68   72   76   81   86   93  102  112  125  142  162
  184  202  214  218  217  212  205  198  194  195  197  199  196  189  175  158
  139  121  105   92   82   74   68   63   59   57   56   57   59   61   62   61
   57   53   49   46   44   43   43   45   48
    55.0-180.0 180.0   5.0 450.0                            LAT/LON1/LON2/DLON/H
   53   56   60   64   65   64   61   57   54   51   49   49   50   52   53   53
   53   53   54   58   62   67   72   78   85   92  101  112  125  140  160  184
  207  225  235  237  233  225  217  210  206  207  209  211  208  199  186  169
  151  133  117  104   93   85   79   74   69   66   65   66   69   71   72   70
   67   62   57   54   51   50   49   50   53
    52.5-180.0 180.0   5.0 450.0                            LAT/LON1/LON2/DLON/H
   59   61   65   69   70   69   66   62   57   52   49   47   48   49   50   49
   48   48   51   55   62   69   76   84   93  103  113  126  140  158  179  204
  227  244  251  251  246  238  229  222  219  220  222  222  219  210  197  181
  164  147  131  119  109  102   96   90   84   80   78   78   80   82   83   81
   77   72   67   63   60   58   57   57   59
    50.0-180.0 180.0   5.0 450.0                            LAT/LON1/LON2/DLON/H
   64   66   70   74   76   76   73   69   64   58   54   51   51   51   50   48
   46   46   49   55   63   73   83   94  104  116  128  141  157  175  196  219
  240  254  259  259  255  248  241  235  232  232  234  234  229  220  207  193
  177  161  146  134  126  119  113  107  100   94   91   90   91   92   92   91
   88   83   78   74   71   68   66   64   64
    47.5-180.0 180.0   5.0 450.0                            LAT/LON1/LON2/DLON/H
   69   69   73   77   80   81   80   77   73   68   64   61   60   58   55   50
   47   47   51   58   68   80   92  105  118  130  143  157  172  189  208  228
  244  254  259  259  258  256  251  247  244  244  244  243  238  230  218  205
  190  175  160  148  140  133  127  120  111  104  100   99   99  100  100   99
   96   91   87   83   80   77   74   70   69
    45.0-180.0 180.0   5.0 450.0                            LAT/LON1/LON2/DLON/H
   71   71   74   78   82   84   85   84   81   78   76   74   73   70   64   58
   53   53   57   65   77   90  104  118  132  144  157  170  184  199  214  229
  241  249  253  257  259  261  259  257  255  254  253  251  246  239  228  216
  202  187  172  158  148  140  133  123  114  107  103  102  103  103  103  102
  100   97   93   89   86   83   79   74   71
    42.5-180.0 180.0   5.0 450.0                            LAT/LON1/LON2/DLON/H
   71   69   72   76   79   82   85   86   87   88   88   89   89   85   77   68
   63   63   68   77   89  103  118  133  146  158  169  181  193  205  217  229
  238  244  249  255  260  265  266  266  265  263  261  258  253  246  237  225
  212  196  179  162  148  137  126  115  106  100   98   99  101  102  102  101
   99   96   93   90   88   85   81   75   71
    40.0-180.0 180.0   5.0 450.0                            LAT/LON1/LON2/DLON/H
   68   66   68   71   74   77   80   84   89   94   98  102  104  100   91   81
   74   75   80   90  103  118  134  149  161  171  180  190  199  209  218  229
  238  245  252  260  266  271  274  277  277  275  271  267  261  254  244  232
  218  201  182  163  145  130  116  103   95   91   92   96  100  101  100   97
   95   92   88   84   82   80   77   72   68
    37.5-180.0 180.0   5.0 450.0                            LAT/LON1/LON2/DLON/H
   62   61   62   64   66   69   73   79   86   95  104  112  116  113  103   92
   86   87   93  104  118  134  150  165  176  183  190  197  204  211  220  233
  246  258  268  276  280  283  287  292  294  291  286  279  272  262  250  237
  224  208  189  168  148  129  112   99   91   89   94  101  106  106  102   96
   92   87   82   76   72   70   69   66   62
    35.0-180.0 180.0   5.0 450.0                            LAT/LON1/LON2/DLON/H
   55   54   55   56   57   59   64   71   80   93  106  118  124  122  112  101
   95   96  104  116  132  150  167  181  190  195  199  204  208  213  224  242
  263  282  296  304  305  305  308  315  318  315  307  297  287  274  261  248
  236  223  207  187  166  146  127  112  104  104  111  120  125  123  115  104
   95   87   79   70   63   60   59   58   55
    32.5-180.0 180.0   5.0 450.0                            LAT/LON1/LON2/DLON/H
   50   49   48   47   47   50   54   62   73   88  105  119  127  127  118  107
  100  101  109  124  143  164  183  197  205  207  208  211  213  217  231  257
  289  316  335  344  343  340  343  350  354  349  337  323  309  295  281  270
  260  252  242  228  211  191  171  154  144  144  151  160  163  157  143  125
  110   97   84   70   60   55   53   52   50
    30.0-180.0 180.0   5.0 450.0                            LAT/LON1/LON2/DLON/H
   47   45   43   40   40   42   47   53   64   81  100  117  127  128  120  109
  101  102  111  129  151  176  198  213  218  218  218  219  220  225  242  278
  321  358  383  394  393  390  392  397  398  389  374  356  340  326  316  308
  304  303  302  296  285  268  246  224  208  205  211  218  218  207  186  160
  138  119  101   82   67   58   54   50   47
    27.5-180.0 180.0   5.0 450.0                            LAT/LON1/LON2/DLON/H
   50   45   41   37   35   37   41   46   56   72   92  110  122  124  119  109
  101  101  111  131  158  186  211  226  230  229  228  230  232  239  261  306
  360  407  438  453  454  450  449  450  445  432  414  396  381  372  368  367
  369  373  380  383  377  361  336  307  284  275  278  282  278  263  235  202
  174  150  128  107   88   74   64   57   50
    25.0-180.0 180.0   5.0 450.0                            LAT/LON1/LON2/DLON/H
   59   50   43   38   35   35   38   41   48   63   83  100  112  117  114  107
  100   99  110  133  163  194  221  236  240  239  240  245  251  262  290  342
  406  460  496  513  515  510  506  500  489  473  456  441  433  431  436  441
  446  452  464  473  470  454  424  387  354  340  339  340  333  313  280  243
  210  184  160  137  116   99   84   70   59
    22.5-180.0 180.0   5.0 450.0                            LAT/LON1/LON2/DLON/H
   72   60   52   45   40   38   39   39   43   56   73   88   99  106  108  105
  100  100  111  135  167  200  227  242  245  247  253  265  279  297  330  386
  454  512  549  565  567  560  550  538  522  507  494  488  488  497  509  519
  523  527  539  550  548  530  495  448  406  386  382  380  371  349  314  274
  240  213  189  167  146  126  106   88   72
    20.0-180.0 180.0   5.0 450.0                            LAT/LON1/LON2/DLON/H
   85   72   64   57   50   46   44   42   43   51   65   77   86   94  101  102
  100  102  114  139  171  204  229  243  247  253  268  290  315  341  376  432
  499  555  588  601  599  589  573  555  539  529  527  531  542  558  577  588
  588  586  592  599  595  573  532  478  429  404  399  396  385  362  328  290
  257  232  210  190  170  149  127  105   85
    17.5-180.0 180.0   5.0 450.0                            LAT/LON1/LON2/DLON/H
   97   84   78   71   63   56   53   51   49   53   61   69   75   83   93  100
  102  106  120  145  176  207  229  240  247  260  284  318  354  387  424  475
  535  583  607  612  603  589  571  554  543  543  553  567  586  608  629  638
  630  618  615  616  609  584  542  484  431  403  397  393  382  360  328  292
  262  238  219  202  184  164  141  118   97
    15.0-180.0 180.0   5.0 450.0                            LAT/LON1/LON2/DLON/H
  104   93   89   84   75   67   65   63   60   60   63   65   68   75   87   98
  104  111  127  153  182  210  229  239  248  270  304  349  394  432  467  510
  556  589  600  595  582  568  554  543  541  552  571  594  616  639  657  662
  647  627  616  612  601  577  534  476  422  394  387  383  372  351  321  289
  261  239  221  204  187  168  146  124  104
    12.5-180.0 180.0   5.0 450.0                            LAT/LON1/LON2/DLON/H
  106   97   95   92   83   76   76   76   74   70   68   66   66   71   83   96
  106  117  136  161  189  214  230  240  254  284  329  382  432  470  500  531
  560  575  573  561  549  540  534  533  541  560  585  609  630  650  666  668
  649  623  606  598  586  562  522  467  415  387  378  375  365  346  318  287
  261  240  221  203  185  165  145  124  106
    10.0-180.0 180.0   5.0 450.0                            LAT/LON1/LON2/DLON/H
  105   97   95   93   87   82   84   88   86   81   76   71   67   69   80   95
  108  123  145  171  198  220  235  247  269  307  359  415  465  499  522  540
  552  550  538  525  517  518  525  535  551  574  596  615  633  649  662  662
  643  616  597  587  575  553  518  468  421  393  382  377  370  353  325  295
  269  247  226  205  184  162  141  121  105
     7.5-180.0 180.0   5.0 450.0                            LAT/LON1/LON2/DLON/H
  103   95   93   91   86   84   89   94   94   90   83   76   70   70   78   93
  109  129  154  182  208  229  245  261  290  335  391  447  491  518  533  541
  539  526  510  501  503  517  537  557  575  593  607  618  630  643  653  654
  637  616  600  591  578  558  526  484  442  413  398  391  387  374  347  315
  289  266  242  216  189  162  138  118  103
     5.0-180.0 180.0   5.0 450.0                            LAT/LON1/LON2/DLON/H
  102   93   89   88   85   85   90   96   97   93   88   80   73   71   76   91
  110  135  163  193  219  240  257  279  314  364  421  473  509  528  537  538
  528  511  499  500  516  542  570  592  606  614  617  620  626  637  647  649
  640  626  616  607  593  572  543  508  473  442  421  413  413  403  375  343
  316  294  268  237  204  170  141  118  102
     2.5-180.0 180.0   5.0 450.0                            LAT/LON1/LON2/DLON/H
  103   93   89   87   86   86   91   96   97   94   89   83   76   72   75   89
  111  140  172  203  230  251  270  296  336  388  443  489  517  530  534  532
  523  512  511  524  548  581  611  630  637  634  627  623  627  637  646  649
  646  641  637  627  612  590  564  536  506  474  447  437  440  433  406  372
  346  324  297  264  225  185  149  121  103
