tests/data/jplg3190.15i
     1.0            IONOSPHERE MAPS     GPS                 IONEX VERSION / TYPE
GIM V3.0            JPL - GNISD         18-nov-2015 02:09   PGM / RUN BY / DATE 
JPL'S GLOBAL IONOSPHERE MAPS YEAR 2015 DAY 319              COMMENT             
Global Ionospheric Maps (GIM) are generated on an hourly    DESCRIPTION         
and daily basis at JPL using data from up to 100 GPS sites  DESCRIPTION         
of the IGS and others institutions.                         DESCRIPTION         
The vertical TEC is modeled in a solar-geomagnetic          DESCRIPTION         
reference frame using bi-cubic splines on a spherical grid. DESCRIPTION         
A Kalman filter is used to solve simultaneously for         DESCRIPTION         
instrumental biases and VTEC on the grid (as stochastic     DESCRIPTION         
parameters).                                                DESCRIPTION         
Contact Address:  gpsiono@cobra.jpl.nasa.gov .              DESCRIPTION         
  2015    11    15     0     0     0                        EPOCH OF FIRST MAP  
  2015    11    16     0     0     0                        EPOCH OF LAST MAP   
  7200                                                      INTERVAL            
    13                                                      # OF MAPS IN FILE   
  NONE                                                      MAPPING FUNCTION    
    10.0                                                    ELEVATION CUTOFF    
One-way carrier phase leveled to code                       OBSERVABLES USED    
   170                                                      # OF STATIONS       
    31                                                      # OF SATELLITES     
  6371.0                                                    BASE RADIUS         
     2                                                      MAP DIMENSION       
   450.0 450.0   0.0                                        HGT1 / HGT2 / DHGT  
    87.5 -87.5  -2.5                                        LAT1 / LAT2 / DLAT  
  -180.0 180.0   5.0                                        LON1 / LON2 / DLON  
    -1                                                      EXPONENT            
TEC/RMS values in 0.1 TECU; 9999, if no value available     COMMENT             
                                                            END OF HEADER       
     1                                                      START OF TEC MAP    
  2015    11    15     0     0     0                        EPOCH OF CURRENT MAP
    87.5-180.0 180.0   5.0 450.0                            LAT/LON1/LON2/DLON/H
   96   97   97   97   97   98   98   98   97   97   97   97   96   96   96   95
   95   94   94   93   93   92   92   92   91   91   90   90   90   89   89   89
   89   88   88   88   88   88   88   88   88   88   88   88   89   89   89   89
   89   90   90   90   90   90   91   91   91   91   91   92   92   92   93   93
   93   94   94   94   95   95   96   96   96
    85.0-180.0 180.0   5.0 450.0                            LAT/LON1/LON2/DLON/H
  102  104  105  105  106  106  106  106  105  104  103  102  101  100   99   98
   96   95   94   93   92   91   90   89   88   87   86   86   85   84   83   83
   82   82   81   81   81   81   81   81   81   82   82   83   83   84   85   85
   86   87   87   87   88   88   88   88   88   88   89   89   89   90   90   91
   92   93   94   95   97   98  100  101  102
    82.5-180.0 180.0   5.0 450.0                            LAT/LON1/LON2/DLON/H
  112  114  115  116  117  116  116  115  113  111  109  107  105  102  100   98
   96   94   92   90   88   87   86   85   84   82   81   80   79   78   77   77
   76   75   74   74   74   73   73   73   74   74   75   76   77   78   79   80
   81   83   83   84   84   85   85   84   84   84   84   84   85   85   86   88
   90   92   94   97  100  103  106  109  112
    80.0-180.0 180.0   5.0 450.0                            LAT/LON1/LON2/DLON/H
  123  125  127  128  128  127  125  122  119  116  112  108  104  100   97   94
   91   88   86   84   83   81   80   79   78   77   77   76   75   74   73   72
   72   71   70   70   69   69   68   68   68   68   69   69   70   72   73   75
   76   78   79   80   80   80   80   79   79   78   78   78   79   80   82   84
   87   91   95  100  105  110  115  119  123
    77.5-180.0 180.0   5.0 450.0                            LAT/LON1/LON2/DLON/H
  134  138  139  140  139  136  133  129  124  118  113  107  102   97   92   88
   84   80   78   76   74   74   73   73   73   72   72   71   70   70   69   69
   68   68   68   68   67   67   66   66   65   64   64   64   65   66   68   69
   71   72   73   74   74   74   73   72   72   71   71   71   72   74   77   80
   85   91   97  104  111  118  124  130  134
    75.0-180.0 180.0   5.0 450.0                            LAT/LON1/LON2/DLON/H
  145  149  150  150  148  145  140  135  129  122  115  108  101   94   87   82
   76   72   69   67   65   65   65   66   66   67   67   67   66   65   64   64
   63   64   64   65   66   66   66   65   64   63   62   61   61   62   63   64
   65   66   67   67   67   66   65   64   63   63   63   64   65   68   72   78
   84   92  100  109  117  126  133  140  145
    72.5-180.0 180.0   5.0 450.0                            LAT/LON1/LON2/DLON/H
  155  158  160  160  157  153  148  142  135  128  120  111  103   94   85   78
   71   65   61   59   57   57   58   59   60   62   63   63   63   61   60   58
   57   58   59   60   62   64   64   64   62   61   60   58   58   58   58   59
   60   61   61   60   59   58   57   55   54   54   55   57   60   64   70   77
   85   94  103  113  123  133  142  149  155
    70.0-180.0 180.0   5.0 450.0                            LAT/LON1/LON2/DLON/H
  162  166  168  168  166  162  157  150  143  135  127  118  108   98   87   78
   69   62   57   53   52   51   52   54   56   58   59   60   60   58   56   53
   51   50   52   54   56   59   60   60   59   58   56   55   54   54   55   56
   56   56   55   54   52   50   49   47   47   48   50   53   57   63   70   78
   87   97  108  119  129  140  149  156  162
    67.5-180.0 180.0   5.0 450.0                            LAT/LON1/LON2/DLON/H
  169  173  175  175  173  170  165  159  152  144  136  126  116  105   94   83
   73   64   58   53   50   49   50   51   53   55   57   58   58   57   53   49
   46   44   44   46   49   52   53   54   53   52   51   51   51   51   52   52
   52   52   51   49   47   45   43   42   42   44   47   52   58   65   73   82
   93  103  115  126  136  146  155  163  169
    65.0-180.0 180.0   5.0 450.0                            LAT/LON1/LON2/DLON/H
  176  180  182  182  181  177  172  166  159  152  144  135  125  114  103   92
   81   72   64   58   54   52   52   52   53   55   57   58   58   56   52   47
   42   39   38   40   42   44   46   46   46   45   45   46   47   48   49   49
   49   49   47   45   43   41   40   39   41   44   49   55   63   71   80   91
  101  112  123  134  144  154  162  170  176
    62.5-180.0 180.0   5.0 450.0                            LAT/LON1/LON2/DLON/H
  183  187  189  189  187  184  178  172  166  159  152  144  135  125  114  103
   92   82   74   67   63   59   57   57   57   57   58   59   58   56   52   46
   40   36   34   35   37   38   39   39   39   39   40   42   44   46   47   47
   47   46   45   43   41   40   39   40   42   47   54   62   71   80   91  102
  113  124  135  145  155  163  171  178  183
    60.0-180.0 180.0   5.0 450.0                            LAT/LON1/LON2/DLON/H
  191  195  197  197  194  190  184  178  171  164  157  150  143  134  125  115
  105   95   86   79   73   69   65   63   62   61   61   62   61   58   53   47
   40   35   33   33   34   36   36   36   35   36   39   42   44   46   47   46
   45   44   43   41   40   40   40   42   46   52   61   71   81   92  103  114
  126  137  147  157  166  174  181  187  191
    57.5-180.0 180.0   5.0 450.0                            LAT/LON1/LON2/DLON/H
  201  203  205  205  202  197  191  183  176  169  162  155  149  142  134  126
  116  106   97   90   84   79   74   70   68   67   67   66   65   62   56   49
   42   37   34   34   36   37   37   37   37   39   42   45   48   49   49   47
   45   43   42   41   41   41   42   45   51   59   70   81   93  105  117  128
  139  150  161  171  179  186  192  197  201
    55.0-180.0 180.0   5.0 450.0                            LAT/LON1/LON2/DLON/H
  211  213  214  213  211  206  199  191  182  174  167  160  155  149  142  134
  125  115  107  100   94   89   83   78   75   74   73   73   70   66   61   53
   46   41   39   40   42   44   44   44   45   46   49   52   54   55   53   50
   46   44   42   42   43   43   45   49   56   66   79   92  106  118  130  141
  152  163  174  184  192  199  204  208  211
    52.5-180.0 180.0   5.0 450.0                            LAT/LON1/LON2/DLON/H
  222  222  222  222  221  217  210  201  192  182  174  166  160  155  149  142
  132  123  115  109  103   97   91   85   82   81   81   80   77   72   66   59
   53   49   49   51   54   56   56   57   57   58   60   62   63   62   59   54
   50   46   45   45   46   47   49   53   61   73   88  103  118  131  143  154
  164  174  185  196  205  213  217  220  222
    50.0-180.0 180.0   5.0 450.0                            LAT/LON1/LON2/DLON/H
  233  231  230  231  230  228  222  214  204  193  183  174  167  161  155  148
  139  130  122  116  111  105   98   92   89   88   89   88   85   79   72   66
   62   60   62   66   69   71   72   71   71   72   73   74   73   71   67   61
   55   50   48   49   50   51   53   58   67   81   98  114  130  143  155  165
  174  184  196  208  218  226  231  233  233
    47.5-180.0 180.0   5.0 450.0                            LAT/LON1/LON2/DLON/H
  244  239  237  238  240  240  235  228  218  206  194  182  174  167  161  153
  145  136  128  123  118  113  106  100   97   96   97   96   92   85   79   74
   73   74   78   83   86   88   87   85   85   84   84   84   83   80   76   69
   61   55   53   53   55   57   59   64   74   90  108  126  141  154  165  174
  183  193  205  218  230  239  245  247  244
    45.0-180.0 180.0   5.0 450.0                            LAT/LON1/LON2/DLON/H
  253  246  243  245  248  250  247  241  231  219  205  192  182  173  166  159
  150  142  134  128  124  120  115  109  105  105  106  104   99   92   85   83
   84   88   94   99  102  101   99   96   95   94   94   93   92   89   84   76
   67   60   57   58   61   63   66   72   83  100  119  137  152  164  175  183
  192  202  214  228  241  251  258  259  253
    42.5-180.0 180.0   5.0 450.0                            LAT/LON1/LON2/DLON/H
  262  252  248  250  256  259  258  252  243  231  217  202  190  180  172  165
  157  149  140  134  131  128  124  119  116  114  114  112  105   97   92   91
   95  101  107  111  112  109  105  102  100  100  100  100   99   96   91   82
   72   63   59   62   67   71   75   82   95  112  131  148  162  173  183  191
  200  210  222  236  250  261  268  269  262
    40.0-180.0 180.0   5.0 450.0                            LAT/LON1/LON2/DLON/H
  268  258  253  257  264  268  266  261  253  242  228  213  199  188  180  172
  165  156  147  139  136  136  134  130  126  124  123  119  112  104   98   99
  104  110  115  117  115  110  106  103  102  102  103  104  104  101   95   86
   74   63   60   64   72   79   85   93  107  125  143  159  171  181  190  198
  208  218  230  243  256  267  275  276  268
    37.5-180.0 180.0   5.0 450.0                            LAT/LON1/LON2/DLON/H
  274  266  262  266  273  277  275  269  262  252  239  224  210  198  189  182
  174  165  154  145  142  143  143  141  137  133  130  126  119  111  105  106
  111  115  117  116  112  107  102  101  101  102  104  105  106  104   98   87
   73   62   59   66   77   86   94  104  119  138  155  168  178  187  196  205
  216  228  240  251  261  271  279  280  274
    35.0-180.0 180.0   5.0 450.0                            LAT/LON1/LON2/DLON/H
  283  277  274  278  285  289  286  280  271  262  249  235  222  211  202  194
  186  175  162  151  147  149  151  149  145  141  137  133  128  120  114  114
  116  119  118  113  108  102   99   98   99  101  102  105  107  105   98   86
   72   60   57   66   80   92  101  113  130  149  165  176  184  192  201  213
  226  240  252  262  272  280  286  287  283
    32.5-180.0 180.0   5.0 450.0                            LAT/LON1/LON2/DLON/H
  301  297  295  297  302  306  302  293  283  272  261  247  234  224  216  209
  200  187  170  157  151  153  155  155  151  146  143  140  137  132  126  124
  125  125  121  114  107  101   99   98   99   99   99  102  106  105   98   86
   70   57   56   66   81   95  106  120  137  157  173  183  189  196  207  221
  238  255  270  282  291  299  304  305  301
    30.0-180.0 180.0   5.0 450.0                            LAT/LON1/LON2/DLON/H
  336  331  329  329  331  331  325  312  298  285  272  258  246  237  230  223
  213  198  179  163  155  155  158  158  156  152  149  150  151  148  142  140
  141  140  133  123  114  108  105  103  101   98   97  100  105  105   98   85
   69   57   55   65   81   95  108  123  142  162  178  188  193  200  213  231
  253  275  296  313  326  337  342  341  336
    27.5-180.0 180.0   5.0 450.0                            LAT/LON1/LON2/DLON/H
  392  384  382  381  377  372  360  339  317  299  282  267  255  246  241  234
  224  207  186  168  158  157  160  161  161  160  162  167  172  171  165  162
  166  167  159  145  133  124  117  111  105   99   96   99  104  105   98   85
   70   58   56   65   79   93  107  124  145  166  183  193  198  206  221  243
  270  300  329  356  380  399  408  403  392
    25.0-180.0 180.0   5.0 450.0                            LAT/LON1/LON2/DLON/H
  472  461  463  461  450  433  410  378  345  318  295  275  259  250  247  242
  230  212  190  170  160  160  163  167  172  177  185  196  204  203  195  194
  204  210  199  178  158  144  132  121  111  102   97  100  105  107  100   87
   72   60   57   64   76   89  104  124  146  169  188  200  206  215  233  259
  291  328  367  406  444  477  495  490  472
    22.5-180.0 180.0   5.0 450.0                            LAT/LON1/LON2/DLON/H
  562  557  571  574  554  520  481  433  386  346  314  286  264  252  248  243
  231  211  188  170  162  165  171  179  190  205  223  240  250  246  233  232
  248  259  244  213  185  163  146  130  116  105  101  104  109  109  101   88
   74   63   58   62   72   85  102  124  149  174  195  210  219  231  250  279
  315  358  405  455  507  556  587  584  562
    20.0-180.0 180.0   5.0 450.0                            LAT/LON1/LON2/DLON/H
  645  652  690  709  684  634  574  508  444  390  345  306  275  256  250  243
  228  206  183  167  165  173  186  199  217  246  276  298  306  294  273  270
  291  305  284  243  206  178  156  136  120  110  108  111  114  112  103   90
   75   64   58   60   67   80   99  124  153  180  204  223  237  252  274  303
  342  387  438  494  557  621  664  664  645
    17.5-180.0 180.0   5.0 450.0                            LAT/LON1/LON2/DLON/H
  700  728  796  838  816  756  682  601  522  453  393  341  298  272  260  249
  228  203  180  168  171  188  207  225  251  291  332  357  361  341  310  302
  324  337  310  259  214  183  159  139  124  118  118  120  121  115  105   91
   76   63   56   56   62   76   97  126  158  188  215  238  258  278  301  330
  369  414  463  517  581  653  705  711  700
    15.0-180.0 180.0   5.0 450.0                            LAT/LON1/LON2/DLON/H
  710  763  864  933  923  864  785  698  612  534  463  397  343  306  285  266
  238  209  186  177  188  212  237  258  287  333  378  402  401  375  337  322
  338  346  312  256  209  180  161  144  132  129  131  133  128  119  106   91
   76   62   54   52   58   73   97  129  164  197  226  253  279  303  327  356
  394  437  479  523  579  645  697  708  710
    12.5-180.0 180.0   5.0 450.0                            LAT/LON1/LON2/DLON/H
  668  740  867  966  980  934  864  782  698  618  543  471  409  363  332  301
  265  231  208  202  218  248  276  295  320  361  401  420  415  386  345  324
  332  333  297  243  200  178  165  153  146  146  150  148  138  122  107   93
   77   63   53   51   56   72   98  133  170  205  235  265  296  324  349  378
  415  454  488  519  560  612  652  659  668
    10.0-180.0 180.0   5.0 450.0                            LAT/LON1/LON2/DLON/H
  596  672  807  922  964  947  898  833  762  691  619  549  485  435  395  355
  311  273  250  247  266  299  325  336  345  368  391  399  393  371  336  314
  316  310  276  230  196  183  178  173  170  172  173  166  148  128  111   97
   82   68   57   53   58   74  102  138  177  212  243  273  306  336  363  392
  428  465  492  512  537  570  593  589  596
     7.5-180.0 180.0   5.0 450.0                            LAT/LON1/LON2/DLON/H
  519  586  711  828  888  898  876  836  789  736  679  618  560  510  465  418
  369  331  310  309  329  360  380  377  362  356  353  348  346  339  318  303
  301  293  265  230  208  204  206  204  203  203  199  185  160  135  118  105
   92   78   67   61   64   80  108  145  184  218  247  277  309  339  368  398
  433  470  496  510  524  538  540  521  519
     5.0-180.0 180.0   5.0 450.0                            LAT/LON1/LON2/DLON/H
  464  511  612  717  786  814  813  795  770  741  707  666  621  577  532  481
  432  395  377  378  396  421  432  411  369  331  302  285  291  302  301  299
  301  295  277  256  244  244  245  243  239  234  224  203  173  146  130  119
  108   95   83   74   74   89  116  152  190  222  249  276  306  335  364  395
  431  469  500  519  532  536  520  482  464
     2.5-180.0 180.0   5.0 450.0                            LAT/LON1/LON2/DLON/H
  454  475  544  625  689  725  735  731  724  714  702  682  656  624  583  535
  489  457  441  442  456  473  472  434  367  301  252  229  244  274  295  311
  324  327  318  306  298  293  288  280  272  261  244  218  186  160  146  137
  128  116  101   89   86   99  125  160  195  224  248  273  299  327  356  387
  424  465  504  536  556  561  537  488  454
